20
68.6359 46.5587 22.6551 36.1079 -69.6112 27.6603 -0.416727 60.5878 53.055 -24.8362 -34.0813 -60.101 11.9601 63.3546 54.2276 19.2645 70.4077 -3.31046 -43.904 -46.1938 
93.6952 13.1756 56.6292 50.143 54.4535 28.1761 -55.5337 -86.0349 -80.457 -67.4995 45.968 1.84692 -18.9327 85.2545 13.0699 -9.88389 -16.6265 82.5599 67.3964 -13.0503 
33.3915 -27.8102 68.6123 30.5168 -69.4716 -50.0142 -0.797479 41.4936 81.6123 56.5265 74.82 -99.512 95.0094 -56.9415 77.2985 49.5478 5.42397 -52.3863 -26.1433 -34.5703 
-48.3465 -97.528 -43.8673 -51.8642 -40.7593 14.1983 -0.736663 -37.2756 10.7698 65.7852 -85.4922 95.8539 -74.0147 30.4717 45.738 -45.8088 14.5374 -57.1603 -98.4366 -32.1561 
-17.3614 -76.2031 -81.5934 -3.97016 52.5565 90.3992 -9.28813 82.7183 -0.221595 -71.5059 -36.1323 -35.8527 -73.7417 87.8495 -91.0762 66.4069 -22.9451 -63.5317 94.833 -17.3858 
-3.06125 23.3848 -24.9959 -28.9973 -47.0696 33.8148 54.1517 -20.3496 -24.6259 -14.9303 -13.5889 -27.1011 51.3781 27.6785 -32.0833 -54.3929 -90.6275 -42.2495 22.0899 -80.3421 
-6.44746 95.3732 -69.1166 -57.1976 11.8894 19.1428 94.9732 17.4176 -41.1163 47.1184 45.8153 -48.4128 68.5047 61.4566 -98.6042 -84.6239 -53.4834 97.9136 13.4377 58.9365 
92.4398 -15.0011 -76.4043 38.8555 -25.9556 27.6264 -92.0398 -95.5981 13.8286 78.6395 -38.5821 1.82173 -43.4809 -23.1444 77.6766 94.0757 98.4149 58.2933 -32.1232 -12.3488 
11.9297 20.1965 -26.6287 5.04117 -29.2945 -51.4727 -48.0967 29.6966 -11.7212 -91.4139 15.4198 -95.8065 -45.1347 58.1139 -89.8778 10.1712 -25.2224 -30.717 85.6993 -79.5974 
-11.3833 18.3327 15.6763 -70.0913 -50.4629 47.6831 -70.4614 -53.8449 34.624 36.4119 -18.4753 -78.8509 -10.3365 -46.1406 58.8752 -66.9198 -44.6487 30.6642 -80.6123 -51.556 
69.5228 -87.5047 25.9132 -6.38921 15.7288 38.2248 -69.7504 -3.20892 76.4061 80.6881 88.6645 -72.225 -4.63409 -18.7186 50.6229 -23.3901 -22.1112 -9.75948 -48.9082 67.4658 
-86.1431 -11.1676 -80.07 -72.3037 -93.1866 -21.0839 79.5636 -70.7202 -51.1333 61.6411 90.5835 -29.8878 -5.23569 -29.926 73.4768 -35.6013 94.0421 -60.3093 -17.6112 -23.5014 
33.4776 12.028 -71.1481 86.5379 99.6801 2.13661 57.7148 -9.3786 48.5891 55.9549 14.0253 67.1171 91.5105 34.9267 44.1297 46.1501 45.4674 -85.9623 -98.0523 -84.1596 
-38.2226 45.8869 98.103 -37.777 -53.7544 68.7532 -19.7646 95.9936 17.8997 62.3003 45.191 -97.405 -4.14611 -23.7092 93.6814 -46.0917 -72.5633 95.6645 -1.29449 -58.6776 
6.39187 40.4859 -77.598 -16.1709 -45.0508 38.1568 -6.23812 28.5432 11.5911 -27.5891 56.3687 -15.38 -9.38176 -3.9407 3.9485 -89.8632 -51.7668 54.2282 25.2285 -21.9379 
74.7507 94.6665 -47.3512 -95.0554 -4.29009 -45.3069 48.1139 81.3333 31.3075 -44.2667 42.5194 -69.0151 -44.3423 61.185 31.9792 55.0739 11.8743 -8.9074 -61.5841 -89.3266 
-94.8109 -57.1744 21.4879 37.2272 17.2483 -78.3164 -85.9498 50.1453 97.5501 -62.3255 -69.7393 -10.9939 68.7528 -72.3311 21.36 21.825 -26.9562 -94.963 56.456 63.4123 
98.3672 -65.9615 -82.2249 14.7125 -2.24842 -49.9538 -87.0953 23.5164 -70.9913 31.2946 3.48717 -69.5647 42.2055 -35.436 -34.5949 -88.4675 -36.3906 -99.2553 23.1421 91.4998 
-15.2071 87.1064 37.6477 -71.4597 -65.4346 28.7375 -24.2597 89.2934 35.7094 69.5619 21.1588 -7.59725 57.4794 -82.296 -91.1653 32.7506 5.95002 -10.4925 96.7092 -21.4498 
2.31751 54.7553 -58.3156 -89.4016 -77.7105 -7.61087 -37.4225 -97.9514 27.2467 25.9533 -61.1532 -95.5742 72.9463 -17.4659 -20.5261 31.9472 83.215 -20.1854 -74.261 49.1116 

